0.034105722 0.111661458333 0.0 0.0 0.0 0.0 0.0 1.0
0.044511905 0.112795572917 0.0 0.0 0.0 0.0 0.0 1.0
0.053906921 0.11386328125 0.0 0.0 0.0 0.0 0.0 1.0
0.064263396 0.115092447917 0.0 0.0 0.0 0.0 0.0 1.0
0.074706440 0.11637890625 0.0 0.0 0.0 0.0 0.0 1.0
0.084067184 0.117579427083 0.0 0.0 0.0 0.0 0.0 1.0
0.094508007 0.118967447917 0.0 0.0 0.0 0.0 0.0 1.0
0.103967986 0.120272135417 0.0 0.0 0.0 0.0 0.0 1.0
0.114523183 0.12178125 0.0 0.0 0.0 0.0 0.0 1.0
0.123896347 0.123165364583 0.0 0.0 0.0 0.0 0.0 1.0
0.134257699 0.124751302083 0.0 0.0 0.0 0.0 0.0 1.0
0.144710848 0.126391927083 0.0 0.0 0.0 0.0 0.0 1.0
0.154056532 0.127911458333 0.0 0.0 0.0 0.0 0.0 1.0
0.164447425 0.129588541667 0.0 0.0 0.0 0.0 0.0 1.0
0.173709108 0.131102864583 0.0 0.0 0.0 0.0 0.0 1.0
0.184128416 0.132796875 0.0 0.0 0.0 0.0 0.0 1.0
0.194467716 0.134479166667 0.0 0.0 0.0 0.0 0.0 1.0
0.203725587 0.1359921875 0.0 0.0 0.0 0.0 0.0 1.0
0.214339526 0.13771484375 0.0 0.0 0.0 0.0 0.0 1.0
0.224791162 0.139408854167 0.0 0.0 0.0 0.0 0.0 1.0
0.234099110 0.14093359375 0.0 0.0 0.0 0.0 0.0 1.0
0.244608245 0.142627604167 0.0 0.0 0.0 0.0 0.0 1.0
0.254049192 0.144169270833 0.0 0.0 0.0 0.0 0.0 1.0
0.264411805 0.145858072917 0.0 0.0 0.0 0.0 0.0 1.0
0.274799864 0.147544270833 0.0 0.0 0.0 0.0 0.0 1.0
0.284106860 0.149069010417 0.0 0.0 0.0 0.0 0.0 1.0
0.294436241 0.15075390625 0.0 0.0 0.0 0.0 0.0 1.0
0.303789360 0.152264322917 0.0 0.0 0.0 0.0 0.0 1.0
0.314291755 0.153975260417 0.0 0.0 0.0 0.0 0.0 1.0
0.324733363 0.155669270833 0.0 0.0 0.0 0.0 0.0 1.0
0.334159240 0.15719921875 0.0 0.0 0.0 0.0 0.0 1.0
0.344658059 0.158885416667 0.0 0.0 0.0 0.0 0.0 1.0
0.354017324 0.160436197917 0.0 0.0 0.0 0.0 0.0 1.0
0.364393038 0.162130208333 0.0 0.0 0.0 0.0 0.0 1.0
0.374791507 0.163815104167 0.0 0.0 0.0 0.0 0.0 1.0
0.384179764 0.16534375 0.0 0.0 0.0 0.0 0.0 1.0
0.394612630 0.167036458333 0.0 0.0 0.0 0.0 0.0 1.0
0.403956690 0.16856640625 0.0 0.0 0.0 0.0 0.0 1.0
0.414474954 0.170270833333 0.0 0.0 0.0 0.0 0.0 1.0
0.423868062 0.171803385417 0.0 0.0 0.0 0.0 0.0 1.0
0.434251283 0.17348828125 0.0 0.0 0.0 0.0 0.0 1.0
0.444685986 0.175186197917 0.0 0.0 0.0 0.0 0.0 1.0
0.454116400 0.17671484375 0.0 0.0 0.0 0.0 0.0 1.0
0.464485029 0.17840234375 0.0 0.0 0.0 0.0 0.0 1.0
0.473827123 0.179924479167 0.0 0.0 0.0 0.0 0.0 1.0
0.484140873 0.181610677083 0.0 0.0 0.0 0.0 0.0 1.0
0.494601908 0.18330078125 0.0 0.0 0.0 0.0 0.0 1.0
0.504043713 0.184837239583 0.0 0.0 0.0 0.0 0.0 1.0
0.514597672 0.186565104167 0.0 0.0 0.0 0.0 0.0 1.0
0.524051985 0.18809375 0.0 0.0 0.0 0.0 0.0 1.0
0.534407344 0.189783854167 0.0 0.0 0.0 0.0 0.0 1.0
0.543702048 0.191296875 0.0 0.0 0.0 0.0 0.0 1.0
0.554072579 0.1929765625 0.0 0.0 0.0 0.0 0.0 1.0
0.564632364 0.194674479167 0.0 0.0 0.0 0.0 0.0 1.0
0.574037192 0.19623046875 0.0 0.0 0.0 0.0 0.0 1.0
0.584497435 0.197921875 0.0 0.0 0.0 0.0 0.0 1.0
0.593810615 0.199444010417 0.0 0.0 0.0 0.0 0.0 1.0
0.604146915 0.20112890625 0.0 0.0 0.0 0.0 0.0 1.0
0.614677299 0.202842447917 0.0 0.0 0.0 0.0 0.0 1.0
0.624061747 0.20437109375 0.0 0.0 0.0 0.0 0.0 1.0
0.634438703 0.206055989583 0.0 0.0 0.0 0.0 0.0 1.0
0.643736094 0.20756640625 0.0 0.0 0.0 0.0 0.0 1.0
0.654046535 0.209248697917 0.0 0.0 0.0 0.0 0.0 1.0
0.664443889 0.210942708333 0.0 0.0 0.0 0.0 0.0 1.0
0.673833226 0.212462239583 0.0 0.0 0.0 0.0 0.0 1.0
0.684128098 0.21414453125 0.0 0.0 0.0 0.0 0.0 1.0
0.694577899 0.215826822917 0.0 0.0 0.0 0.0 0.0 1.0
0.703929478 0.217360677083 0.0 0.0 0.0 0.0 0.0 1.0
0.714343663 0.219065104167 0.0 0.0 0.0 0.0 0.0 1.0
0.724824744 0.22075390625 0.0 0.0 0.0 0.0 0.0 1.0
0.734146595 0.22228125 0.0 0.0 0.0 0.0 0.0 1.0
0.744587094 0.223975260417 0.0 0.0 0.0 0.0 0.0 1.0
0.753989696 0.225502604167 0.0 0.0 0.0 0.0 0.0 1.0
0.764419321 0.227194010417 0.0 0.0 0.0 0.0 0.0 1.0
0.774800079 0.228888020833 0.0 0.0 0.0 0.0 0.0 1.0
0.784217402 0.230419270833 0.0 0.0 0.0 0.0 0.0 1.0
0.794530062 0.232106770833 0.0 0.0 0.0 0.0 0.0 1.0
0.804020240 0.233631510417 0.0 0.0 0.0 0.0 0.0 1.0
0.814390240 0.2353359375 0.0 0.0 0.0 0.0 0.0 1.0
0.824663378 0.23701171875 0.0 0.0 0.0 0.0 0.0 1.0
0.834168622 0.238536458333 0.0 0.0 0.0 0.0 0.0 1.0
0.844484491 0.240227864583 0.0 0.0 0.0 0.0 0.0 1.0
0.853837259 0.2417578125 0.0 0.0 0.0 0.0 0.0 1.0
0.864251590 0.243440104167 0.0 0.0 0.0 0.0 0.0 1.0
0.874637640 0.245134114583 0.0 0.0 0.0 0.0 0.0 1.0
0.884077209 0.246658854167 0.0 0.0 0.0 0.0 0.0 1.0
0.894323244 0.24834375 0.0 0.0 0.0 0.0 0.0 1.0
0.904682586 0.25002734375 0.0 0.0 0.0 0.0 0.0 1.0
0.914235181 0.25157421875 0.0 0.0 0.0 0.0 0.0 1.0
0.924687237 0.2532734375 0.0 0.0 0.0 0.0 0.0 1.0
0.934138391 0.25480078125 0.0 0.0 0.0 0.0 0.0 1.0
0.944492405 0.2564921875 0.0 0.0 0.0 0.0 0.0 1.0
0.953878018 0.258022135417 0.0 0.0 0.0 0.0 0.0 1.0
0.964296675 0.25971484375 0.0 0.0 0.0 0.0 0.0 1.0
0.974690209 0.261407552083 0.0 0.0 0.0 0.0 0.0 1.0
0.984026131 0.262936197917 0.0 0.0 0.0 0.0 0.0 1.0
0.994398710 0.26462109375 0.0 0.0 0.0 0.0 0.0 1.0
1.003698625 0.26612890625 0.0 0.0 0.0 0.0 0.0 1.0
1.014314033 0.2678515625 0.0 0.0 0.0 0.0 0.0 1.0
1.024685811 0.269545572917 0.0 0.0 0.0 0.0 0.0 1.0
1.034101421 0.271075520833 0.0 0.0 0.0 0.0 0.0 1.0
1.044448048 0.27275390625 0.0 0.0 0.0 0.0 0.0 1.0
1.053746670 0.2742734375 0.0 0.0 0.0 0.0 0.0 1.0
1.064174162 0.275967447917 0.0 0.0 0.0 0.0 0.0 1.0
1.074708965 0.277666666667 0.0 0.0 0.0 0.0 0.0 1.0
1.084118397 0.279200520833 0.0 0.0 0.0 0.0 0.0 1.0
1.094481099 0.28089453125 0.0 0.0 0.0 0.0 0.0 1.0
1.103935838 0.282430989583 0.0 0.0 0.0 0.0 0.0 1.0
1.114631866 0.284154947917 0.0 0.0 0.0 0.0 0.0 1.0
1.124163374 0.285713541667 0.0 0.0 0.0 0.0 0.0 1.0
1.134526027 0.28741015625 0.0 0.0 0.0 0.0 0.0 1.0
1.143909064 0.28894140625 0.0 0.0 0.0 0.0 0.0 1.0
1.154355709 0.290630208333 0.0 0.0 0.0 0.0 0.0 1.0
1.164773419 0.29232421875 0.0 0.0 0.0 0.0 0.0 1.0
1.174166550 0.293848958333 0.0 0.0 0.0 0.0 0.0 1.0
1.184564802 0.2955390625 0.0 0.0 0.0 0.0 0.0 1.0
1.194094635 0.29708984375 0.0 0.0 0.0 0.0 0.0 1.0
1.204527825 0.29878515625 0.0 0.0 0.0 0.0 0.0 1.0
1.214069874 0.30034765625 0.0 0.0 0.0 0.0 0.0 1.0
1.224367380 0.302032552083 0.0 0.0 0.0 0.0 0.0 1.0
1.234749070 0.303717447917 0.0 0.0 0.0 0.0 0.0 1.0
1.244125408 0.3052421875 0.0 0.0 0.0 0.0 0.0 1.0
1.254433655 0.306927083333 0.0 0.0 0.0 0.0 0.0 1.0
1.263756915 0.30843359375 0.0 0.0 0.0 0.0 0.0 1.0
1.274146394 0.310122395833 0.0 0.0 0.0 0.0 0.0 1.0
1.284427627 0.3118046875 0.0 0.0 0.0 0.0 0.0 1.0
1.293804663 0.313319010417 0.0 0.0 0.0 0.0 0.0 1.0
1.304272071 0.315020833333 0.0 0.0 0.0 0.0 0.0 1.0
1.314849854 0.31673828125 0.0 0.0 0.0 0.0 0.0 1.0
1.324245145 0.3182734375 0.0 0.0 0.0 0.0 0.0 1.0
1.334820194 0.319975260417 0.0 0.0 0.0 0.0 0.0 1.0
1.344084501 0.321498697917 0.0 0.0 0.0 0.0 0.0 1.0
1.354488723 0.32319140625 0.0 0.0 0.0 0.0 0.0 1.0
1.363937692 0.32472265625 0.0 0.0 0.0 0.0 0.0 1.0
1.374344258 0.32642578125 0.0 0.0 0.0 0.0 0.0 1.0
1.384767698 0.328119791667 0.0 0.0 0.0 0.0 0.0 1.0
1.394164477 0.329651041667 0.0 0.0 0.0 0.0 0.0 1.0
1.404604606 0.331342447917 0.0 0.0 0.0 0.0 0.0 1.0
1.414135239 0.332895833333 0.0 0.0 0.0 0.0 0.0 1.0
1.424615516 0.334587239583 0.0 0.0 0.0 0.0 0.0 1.0
1.433915547 0.336118489583 0.0 0.0 0.0 0.0 0.0 1.0
1.444330084 0.337805989583 0.0 0.0 0.0 0.0 0.0 1.0
1.454774104 0.339510416667 0.0 0.0 0.0 0.0 0.0 1.0
1.464263555 0.341040364583 0.0 0.0 0.0 0.0 0.0 1.0
1.474564766 0.342725260417 0.0 0.0 0.0 0.0 0.0 1.0
1.484000536 0.34426171875 0.0 0.0 0.0 0.0 0.0 1.0
1.494348947 0.345954427083 0.0 0.0 0.0 0.0 0.0 1.0
1.504967091 0.347643229167 0.0 0.0 0.0 0.0 0.0 1.0
1.514519393 0.349225260417 0.0 0.0 0.0 0.0 0.0 1.0
1.524039077 0.350770833333 0.0 0.0 0.0 0.0 0.0 1.0
1.534442095 0.35247265625 0.0 0.0 0.0 0.0 0.0 1.0
1.543748844 0.353981770833 0.0 0.0 0.0 0.0 0.0 1.0
1.554107154 0.355670572917 0.0 0.0 0.0 0.0 0.0 1.0
1.564463554 0.357352864583 0.0 0.0 0.0 0.0 0.0 1.0
1.573890828 0.358872395833 0.0 0.0 0.0 0.0 0.0 1.0
1.584230993 0.360567708333 0.0 0.0 0.0 0.0 0.0 1.0
1.594663021 0.362266927083 0.0 0.0 0.0 0.0 0.0 1.0
1.604096578 0.36379296875 0.0 0.0 0.0 0.0 0.0 1.0
1.614675241 0.365520833333 0.0 0.0 0.0 0.0 0.0 1.0
1.624012401 0.367048177083 0.0 0.0 0.0 0.0 0.0 1.0
1.634452118 0.368735677083 0.0 0.0 0.0 0.0 0.0 1.0
1.643684892 0.37025 0.0 0.0 0.0 0.0 0.0 1.0
1.654102734 0.3719375 0.0 0.0 0.0 0.0 0.0 1.0
1.664712130 0.3736328125 0.0 0.0 0.0 0.0 0.0 1.0
1.674046543 0.375184895833 0.0 0.0 0.0 0.0 0.0 1.0
1.684377651 0.376865885417 0.0 0.0 0.0 0.0 0.0 1.0
1.694809253 0.3785546875 0.0 0.0 0.0 0.0 0.0 1.0
1.704155766 0.38008203125 0.0 0.0 0.0 0.0 0.0 1.0
1.714613137 0.3817890625 0.0 0.0 0.0 0.0 0.0 1.0
1.724058317 0.38331640625 0.0 0.0 0.0 0.0 0.0 1.0
1.734371547 0.384998697917 0.0 0.0 0.0 0.0 0.0 1.0
1.744744291 0.386680989583 0.0 0.0 0.0 0.0 0.0 1.0
1.754070484 0.388205729167 0.0 0.0 0.0 0.0 0.0 1.0
1.764524477 0.38988671875 0.0 0.0 0.0 0.0 0.0 1.0
1.773748287 0.3913984375 0.0 0.0 0.0 0.0 0.0 1.0
1.784143243 0.39308984375 0.0 0.0 0.0 0.0 0.0 1.0
1.794570155 0.394786458333 0.0 0.0 0.0 0.0 0.0 1.0
1.804028621 0.396322916667 0.0 0.0 0.0 0.0 0.0 1.0
1.814569003 0.3980390625 0.0 0.0 0.0 0.0 0.0 1.0
1.823894767 0.399561197917 0.0 0.0 0.0 0.0 0.0 1.0
1.834433302 0.401247395833 0.0 0.0 0.0 0.0 0.0 1.0
1.844661753 0.402940104167 0.0 0.0 0.0 0.0 0.0 1.0
1.854101334 0.40447265625 0.0 0.0 0.0 0.0 0.0 1.0
1.864505723 0.4061640625 0.0 0.0 0.0 0.0 0.0 1.0
1.873990394 0.407696614583 0.0 0.0 0.0 0.0 0.0 1.0
1.884329103 0.40938671875 0.0 0.0 0.0 0.0 0.0 1.0
1.894755474 0.4110859375 0.0 0.0 0.0 0.0 0.0 1.0
1.904173739 0.41261328125 0.0 0.0 0.0 0.0 0.0 1.0
1.914746046 0.414341145833 0.0 0.0 0.0 0.0 0.0 1.0
1.924102162 0.415865885417 0.0 0.0 0.0 0.0 0.0 1.0
1.934551791 0.417559895833 0.0 0.0 0.0 0.0 0.0 1.0
1.944002245 0.419098958333 0.0 0.0 0.0 0.0 0.0 1.0
1.954377951 0.420786458333 0.0 0.0 0.0 0.0 0.0 1.0
1.963739734 0.42230859375 0.0 0.0 0.0 0.0 0.0 1.0
1.974301029 0.42399609375 0.0 0.0 0.0 0.0 0.0 1.0
1.984471656 0.425680989583 0.0 0.0 0.0 0.0 0.0 1.0
1.993823975 0.427203125 0.0 0.0 0.0 0.0 0.0 1.0
2.004241881 0.428899739583 0.0 0.0 0.0 0.0 0.0 1.0
2.014761329 0.430608072917 0.0 0.0 0.0 0.0 0.0 1.0
2.024249866 0.432135416667 0.0 0.0 0.0 0.0 0.0 1.0
2.034609340 0.433829427083 0.0 0.0 0.0 0.0 0.0 1.0
2.043890030 0.435354166667 0.0 0.0 0.0 0.0 0.0 1.0
2.054229446 0.437033854167 0.0 0.0 0.0 0.0 0.0 1.0
2.064680716 0.438731770833 0.0 0.0 0.0 0.0 0.0 1.0
2.074176789 0.440268229167 0.0 0.0 0.0 0.0 0.0 1.0
2.084531162 0.44196484375 0.0 0.0 0.0 0.0 0.0 1.0
2.093931849 0.4434921875 0.0 0.0 0.0 0.0 0.0 1.0
2.104352665 0.44518359375 0.0 0.0 0.0 0.0 0.0 1.0
2.114868948 0.4468984375 0.0 0.0 0.0 0.0 0.0 1.0
2.124193232 0.448412760417 0.0 0.0 0.0 0.0 0.0 1.0
2.134554696 0.45009765625 0.0 0.0 0.0 0.0 0.0 1.0
2.143824186 0.451615885417 0.0 0.0 0.0 0.0 0.0 1.0
2.154249315 0.453303385417 0.0 0.0 0.0 0.0 0.0 1.0
2.164713045 0.454997395833 0.0 0.0 0.0 0.0 0.0 1.0
2.174106352 0.456524739583 0.0 0.0 0.0 0.0 0.0 1.0
2.184416545 0.45821484375 0.0 0.0 0.0 0.0 0.0 1.0
2.193831526 0.459731770833 0.0 0.0 0.0 0.0 0.0 1.0
2.204215228 0.4614296875 0.0 0.0 0.0 0.0 0.0 1.0
2.214903184 0.463162760417 0.0 0.0 0.0 0.0 0.0 1.0
2.224317691 0.4646953125 0.0 0.0 0.0 0.0 0.0 1.0
2.234731418 0.466385416667 0.0 0.0 0.0 0.0 0.0 1.0
2.244135464 0.467924479167 0.0 0.0 0.0 0.0 0.0 1.0
2.254553353 0.469611979167 0.0 0.0 0.0 0.0 0.0 1.0
2.263888281 0.47113671875 0.0 0.0 0.0 0.0 0.0 1.0
2.274218394 0.472821614583 0.0 0.0 0.0 0.0 0.0 1.0
2.284682749 0.474518229167 0.0 0.0 0.0 0.0 0.0 1.0
2.294018849 0.47604296875 0.0 0.0 0.0 0.0 0.0 1.0
2.304385156 0.477734375 0.0 0.0 0.0 0.0 0.0 1.0
2.313855539 0.479272135417 0.0 0.0 0.0 0.0 0.0 1.0
2.324265903 0.480958333333 0.0 0.0 0.0 0.0 0.0 1.0
2.334633949 0.48265234375 0.0 0.0 0.0 0.0 0.0 1.0
2.344005561 0.484170572917 0.0 0.0 0.0 0.0 0.0 1.0
2.354444465 0.485859375 0.0 0.0 0.0 0.0 0.0 1.0
2.364824958 0.4875546875 0.0 0.0 0.0 0.0 0.0 1.0
2.374197362 0.489084635417 0.0 0.0 0.0 0.0 0.0 1.0
2.384567783 0.490764322917 0.0 0.0 0.0 0.0 0.0 1.0
2.393980013 0.49229296875 0.0 0.0 0.0 0.0 0.0 1.0
2.404342743 0.493983072917 0.0 0.0 0.0 0.0 0.0 1.0
2.414840537 0.4956875 0.0 0.0 0.0 0.0 0.0 1.0
2.424264424 0.497225260417 0.0 0.0 0.0 0.0 0.0 1.0
2.434769318 0.498930989583 0.0 0.0 0.0 0.0 0.0 1.0
2.444171355 0.5004609375 0.0 0.0 0.0 0.0 0.0 1.0
2.454636056 0.502161458333 0.0 0.0 0.0 0.0 0.0 1.0
2.464033551 0.503700520833 0.0 0.0 0.0 0.0 0.0 1.0
2.474440904 0.505391927083 0.0 0.0 0.0 0.0 0.0 1.0
2.483725851 0.506904947917 0.0 0.0 0.0 0.0 0.0 1.0
2.494071696 0.508584635417 0.0 0.0 0.0 0.0 0.0 1.0
2.504459289 0.51026953125 0.0 0.0 0.0 0.0 0.0 1.0
2.514008800 0.51183203125 0.0 0.0 0.0 0.0 0.0 1.0
2.524340283 0.51351171875 0.0 0.0 0.0 0.0 0.0 1.0
2.534719115 0.5151953125 0.0 0.0 0.0 0.0 0.0 1.0
2.544109916 0.51672265625 0.0 0.0 0.0 0.0 0.0 1.0
2.554564377 0.51841015625 0.0 0.0 0.0 0.0 0.0 1.0
2.563904122 0.519944010417 0.0 0.0 0.0 0.0 0.0 1.0
2.574366061 0.521638020833 0.0 0.0 0.0 0.0 0.0 1.0
2.584760323 0.52333203125 0.0 0.0 0.0 0.0 0.0 1.0
2.594245006 0.524869791667 0.0 0.0 0.0 0.0 0.0 1.0
2.604611743 0.52656640625 0.0 0.0 0.0 0.0 0.0 1.0
2.614236053 0.528127604167 0.0 0.0 0.0 0.0 0.0 1.0
2.624481983 0.529807291667 0.0 0.0 0.0 0.0 0.0 1.0
2.633893973 0.531325520833 0.0 0.0 0.0 0.0 0.0 1.0
2.644337300 0.533029947917 0.0 0.0 0.0 0.0 0.0 1.0
2.654713488 0.534720052083 0.0 0.0 0.0 0.0 0.0 1.0
2.664036782 0.5362421875 0.0 0.0 0.0 0.0 0.0 1.0
2.674437869 0.537923177083 0.0 0.0 0.0 0.0 0.0 1.0
2.683733608 0.539442708333 0.0 0.0 0.0 0.0 0.0 1.0
2.694185816 0.541134114583 0.0 0.0 0.0 0.0 0.0 1.0
2.704540995 0.542821614583 0.0 0.0 0.0 0.0 0.0 1.0
2.714015145 0.544369791667 0.0 0.0 0.0 0.0 0.0 1.0
2.724477533 0.546053385417 0.0 0.0 0.0 0.0 0.0 1.0
2.734833428 0.547747395833 0.0 0.0 0.0 0.0 0.0 1.0
2.744260134 0.54928125 0.0 0.0 0.0 0.0 0.0 1.0
2.754682377 0.550977864583 0.0 0.0 0.0 0.0 0.0 1.0
2.764045410 0.552505208333 0.0 0.0 0.0 0.0 0.0 1.0
2.774533968 0.554201822917 0.0 0.0 0.0 0.0 0.0 1.0
2.783935211 0.555736979167 0.0 0.0 0.0 0.0 0.0 1.0
2.794358272 0.557432291667 0.0 0.0 0.0 0.0 0.0 1.0
2.804802196 0.559125 0.0 0.0 0.0 0.0 0.0 1.0
2.814291228 0.560670572917 0.0 0.0 0.0 0.0 0.0 1.0
2.824666751 0.56236328125 0.0 0.0 0.0 0.0 0.0 1.0
2.833999830 0.563884114583 0.0 0.0 0.0 0.0 0.0 1.0
2.844455440 0.56558203125 0.0 0.0 0.0 0.0 0.0 1.0
2.853760883 0.567104166667 0.0 0.0 0.0 0.0 0.0 1.0
2.864230240 0.568799479167 0.0 0.0 0.0 0.0 0.0 1.0
2.874761173 0.570513020833 0.0 0.0 0.0 0.0 0.0 1.0
2.884191471 0.572048177083 0.0 0.0 0.0 0.0 0.0 1.0
2.894484833 0.573734375 0.0 0.0 0.0 0.0 0.0 1.0
2.903947780 0.5752578125 0.0 0.0 0.0 0.0 0.0 1.0
2.914535511 0.576984375 0.0 0.0 0.0 0.0 0.0 1.0
2.923958992 0.578514322917 0.0 0.0 0.0 0.0 0.0 1.0
2.934269826 0.58019921875 0.0 0.0 0.0 0.0 0.0 1.0
2.944660825 0.58188671875 0.0 0.0 0.0 0.0 0.0 1.0
2.954064602 0.583411458333 0.0 0.0 0.0 0.0 0.0 1.0
2.964580089 0.585114583333 0.0 0.0 0.0 0.0 0.0 1.0
2.973925252 0.58664453125 0.0 0.0 0.0 0.0 0.0 1.0
2.984253082 0.588334635417 0.0 0.0 0.0 0.0 0.0 1.0
2.994653958 0.590022135417 0.0 0.0 0.0 0.0 0.0 1.0
3.004022926 0.591546875 0.0 0.0 0.0 0.0 0.0 1.0
3.014569581 0.593259114583 0.0 0.0 0.0 0.0 0.0 1.0
3.023897122 0.59478125 0.0 0.0 0.0 0.0 0.0 1.0
3.034300349 0.59646875 0.0 0.0 0.0 0.0 0.0 1.0
3.044618242 0.598154947917 0.0 0.0 0.0 0.0 0.0 1.0
3.053988341 0.59967578125 0.0 0.0 0.0 0.0 0.0 1.0
3.064420469 0.601369791667 0.0 0.0 0.0 0.0 0.0 1.0
3.073751565 0.60288671875 0.0 0.0 0.0 0.0 0.0 1.0
3.084243762 0.6045859375 0.0 0.0 0.0 0.0 0.0 1.0
3.094727782 0.606302083333 0.0 0.0 0.0 0.0 0.0 1.0
3.104122950 0.60782421875 0.0 0.0 0.0 0.0 0.0 1.0
3.114734399 0.609557291667 0.0 0.0 0.0 0.0 0.0 1.0
3.124024163 0.611075520833 0.0 0.0 0.0 0.0 0.0 1.0
3.134391840 0.612751302083 0.0 0.0 0.0 0.0 0.0 1.0
3.144824426 0.614446614583 0.0 0.0 0.0 0.0 0.0 1.0
3.154232121 0.615977864583 0.0 0.0 0.0 0.0 0.0 1.0
3.164587087 0.617662760417 0.0 0.0 0.0 0.0 0.0 1.0
3.173989871 0.6191875 0.0 0.0 0.0 0.0 0.0 1.0
3.184338893 0.620875 0.0 0.0 0.0 0.0 0.0 1.0
3.194742851 0.62256640625 0.0 0.0 0.0 0.0 0.0 1.0
3.204158540 0.624095052083 0.0 0.0 0.0 0.0 0.0 1.0
3.214808134 0.625826822917 0.0 0.0 0.0 0.0 0.0 1.0
3.224169255 0.627354166667 0.0 0.0 0.0 0.0 0.0 1.0
3.234598126 0.629046875 0.0 0.0 0.0 0.0 0.0 1.0
3.244005744 0.630576822917 0.0 0.0 0.0 0.0 0.0 1.0
3.254451510 0.632283854167 0.0 0.0 0.0 0.0 0.0 1.0
3.263809069 0.633799479167 0.0 0.0 0.0 0.0 0.0 1.0
3.274287064 0.6355078125 0.0 0.0 0.0 0.0 0.0 1.0
3.284739527 0.63720703125 0.0 0.0 0.0 0.0 0.0 1.0
3.294074653 0.638734375 0.0 0.0 0.0 0.0 0.0 1.0
3.304456544 0.64041796875 0.0 0.0 0.0 0.0 0.0 1.0
3.313886232 0.641954427083 0.0 0.0 0.0 0.0 0.0 1.0
3.324240649 0.64363671875 0.0 0.0 0.0 0.0 0.0 1.0
3.334610884 0.645329427083 0.0 0.0 0.0 0.0 0.0 1.0
3.344011953 0.646854166667 0.0 0.0 0.0 0.0 0.0 1.0
3.354383949 0.648541666667 0.0 0.0 0.0 0.0 0.0 1.0
3.364813116 0.650235677083 0.0 0.0 0.0 0.0 0.0 1.0
3.374215550 0.651768229167 0.0 0.0 0.0 0.0 0.0 1.0
3.384547969 0.653455729167 0.0 0.0 0.0 0.0 0.0 1.0
3.393974070 0.654979166667 0.0 0.0 0.0 0.0 0.0 1.0
3.404358072 0.656673177083 0.0 0.0 0.0 0.0 0.0 1.0
3.414931893 0.658388020833 0.0 0.0 0.0 0.0 0.0 1.0
3.424315315 0.659921875 0.0 0.0 0.0 0.0 0.0 1.0
3.434762400 0.661618489583 0.0 0.0 0.0 0.0 0.0 1.0
3.444260983 0.663153645833 0.0 0.0 0.0 0.0 0.0 1.0
3.454692545 0.664854166667 0.0 0.0 0.0 0.0 0.0 1.0
3.464152252 0.666391927083 0.0 0.0 0.0 0.0 0.0 1.0
3.474518210 0.66808203125 0.0 0.0 0.0 0.0 0.0 1.0
3.483889449 0.669606770833 0.0 0.0 0.0 0.0 0.0 1.0
3.494316350 0.671305989583 0.0 0.0 0.0 0.0 0.0 1.0
3.504751934 0.672998697917 0.0 0.0 0.0 0.0 0.0 1.0
3.514321874 0.674553385417 0.0 0.0 0.0 0.0 0.0 1.0
3.524756205 0.676255208333 0.0 0.0 0.0 0.0 0.0 1.0
3.534135770 0.677786458333 0.0 0.0 0.0 0.0 0.0 1.0
3.544561268 0.679479166667 0.0 0.0 0.0 0.0 0.0 1.0
3.553973574 0.681010416667 0.0 0.0 0.0 0.0 0.0 1.0
3.564411012 0.682704427083 0.0 0.0 0.0 0.0 0.0 1.0
3.573761153 0.6842265625 0.0 0.0 0.0 0.0 0.0 1.0
3.584147568 0.685916666667 0.0 0.0 0.0 0.0 0.0 1.0
3.594557460 0.68761328125 0.0 0.0 0.0 0.0 0.0 1.0
3.603893271 0.689138020833 0.0 0.0 0.0 0.0 0.0 1.0
3.614542038 0.690858072917 0.0 0.0 0.0 0.0 0.0 1.0
3.623934013 0.69238671875 0.0 0.0 0.0 0.0 0.0 1.0
3.634348095 0.694084635417 0.0 0.0 0.0 0.0 0.0 1.0
3.644781409 0.695778645833 0.0 0.0 0.0 0.0 0.0 1.0
3.654175030 0.6973125 0.0 0.0 0.0 0.0 0.0 1.0
3.664650602 0.699015625 0.0 0.0 0.0 0.0 0.0 1.0
3.674084016 0.70054296875 0.0 0.0 0.0 0.0 0.0 1.0
3.684550142 0.7022421875 0.0 0.0 0.0 0.0 0.0 1.0
3.693882120 0.70377734375 0.0 0.0 0.0 0.0 0.0 1.0
3.704279712 0.705459635417 0.0 0.0 0.0 0.0 0.0 1.0
3.714871418 0.707184895833 0.0 0.0 0.0 0.0 0.0 1.0
3.724332440 0.708721354167 0.0 0.0 0.0 0.0 0.0 1.0
3.734739085 0.71041796875 0.0 0.0 0.0 0.0 0.0 1.0
3.744132963 0.711942708333 0.0 0.0 0.0 0.0 0.0 1.0
3.754724610 0.713643229167 0.0 0.0 0.0 0.0 0.0 1.0
3.764176560 0.715200520833 0.0 0.0 0.0 0.0 0.0 1.0
3.774593327 0.716895833333 0.0 0.0 0.0 0.0 0.0 1.0
3.783977919 0.718430989583 0.0 0.0 0.0 0.0 0.0 1.0
3.794442166 0.720123697917 0.0 0.0 0.0 0.0 0.0 1.0
3.803755783 0.721645833333 0.0 0.0 0.0 0.0 0.0 1.0
3.814240460 0.72335546875 0.0 0.0 0.0 0.0 0.0 1.0
3.824592154 0.725041666667 0.0 0.0 0.0 0.0 0.0 1.0
3.833943824 0.726559895833 0.0 0.0 0.0 0.0 0.0 1.0
3.844400568 0.728256510417 0.0 0.0 0.0 0.0 0.0 1.0
3.853787485 0.72978125 0.0 0.0 0.0 0.0 0.0 1.0
3.864158353 0.731471354167 0.0 0.0 0.0 0.0 0.0 1.0
3.874574722 0.73316796875 0.0 0.0 0.0 0.0 0.0 1.0
3.883908220 0.734692708333 0.0 0.0 0.0 0.0 0.0 1.0
3.894277318 0.7363828125 0.0 0.0 0.0 0.0 0.0 1.0
3.904737585 0.73807421875 0.0 0.0 0.0 0.0 0.0 1.0
3.914359562 0.7396328125 0.0 0.0 0.0 0.0 0.0 1.0
3.924760658 0.741329427083 0.0 0.0 0.0 0.0 0.0 1.0
3.934116485 0.742856770833 0.0 0.0 0.0 0.0 0.0 1.0
3.944623838 0.744553385417 0.0 0.0 0.0 0.0 0.0 1.0
3.954022395 0.74608984375 0.0 0.0 0.0 0.0 0.0 1.0
3.964426871 0.747786458333 0.0 0.0 0.0 0.0 0.0 1.0
3.973702441 0.749295572917 0.0 0.0 0.0 0.0 0.0 1.0
3.984041518 0.750983072917 0.0 0.0 0.0 0.0 0.0 1.0
3.994541592 0.752673177083 0.0 0.0 0.0 0.0 0.0 1.0
4.003934866 0.754209635417 0.0 0.0 0.0 0.0 0.0 1.0
4.014555979 0.7559296875 0.0 0.0 0.0 0.0 0.0 1.0
4.023895226 0.757459635417 0.0 0.0 0.0 0.0 0.0 1.0
4.034241097 0.759147135417 0.0 0.0 0.0 0.0 0.0 1.0
4.044625418 0.760833333333 0.0 0.0 0.0 0.0 0.0 1.0
4.053968476 0.762358072917 0.0 0.0 0.0 0.0 0.0 1.0
4.064369026 0.764046875 0.0 0.0 0.0 0.0 0.0 1.0
4.074774434 0.76573828125 0.0 0.0 0.0 0.0 0.0 1.0
4.084230066 0.767270833333 0.0 0.0 0.0 0.0 0.0 1.0
4.094665720 0.768973958333 0.0 0.0 0.0 0.0 0.0 1.0
4.104126727 0.770506510417 0.0 0.0 0.0 0.0 0.0 1.0
4.114670884 0.772229166667 0.0 0.0 0.0 0.0 0.0 1.0
4.124073952 0.773756510417 0.0 0.0 0.0 0.0 0.0 1.0
4.134568894 0.775450520833 0.0 0.0 0.0 0.0 0.0 1.0
4.143895301 0.776981770833 0.0 0.0 0.0 0.0 0.0 1.0
4.154385939 0.778680989583 0.0 0.0 0.0 0.0 0.0 1.0
4.164776523 0.78037890625 0.0 0.0 0.0 0.0 0.0 1.0
4.174197695 0.781908854167 0.0 0.0 0.0 0.0 0.0 1.0
4.184590330 0.783598958333 0.0 0.0 0.0 0.0 0.0 1.0
4.193969176 0.7851328125 0.0 0.0 0.0 0.0 0.0 1.0
4.204346567 0.786811197917 0.0 0.0 0.0 0.0 0.0 1.0
4.214835645 0.7885234375 0.0 0.0 0.0 0.0 0.0 1.0
4.224212821 0.79005078125 0.0 0.0 0.0 0.0 0.0 1.0
4.234618010 0.791736979167 0.0 0.0 0.0 0.0 0.0 1.0
4.243995353 0.793266927083 0.0 0.0 0.0 0.0 0.0 1.0
4.254454739 0.794955729167 0.0 0.0 0.0 0.0 0.0 1.0
4.263705267 0.796475260417 0.0 0.0 0.0 0.0 0.0 1.0
4.274107117 0.79816015625 0.0 0.0 0.0 0.0 0.0 1.0
4.284518352 0.799858072917 0.0 0.0 0.0 0.0 0.0 1.0
4.293909479 0.801384114583 0.0 0.0 0.0 0.0 0.0 1.0
4.304308539 0.803069010417 0.0 0.0 0.0 0.0 0.0 1.0
4.314762190 0.804786458333 0.0 0.0 0.0 0.0 0.0 1.0
4.324152569 0.806303385417 0.0 0.0 0.0 0.0 0.0 1.0
4.334527122 0.807989583333 0.0 0.0 0.0 0.0 0.0 1.0
4.343939982 0.809515625 0.0 0.0 0.0 0.0 0.0 1.0
4.354357383 0.811213541667 0.0 0.0 0.0 0.0 0.0 1.0
4.364719582 0.812904947917 0.0 0.0 0.0 0.0 0.0 1.0
4.374187222 0.8144375 0.0 0.0 0.0 0.0 0.0 1.0
4.384528024 0.81612890625 0.0 0.0 0.0 0.0 0.0 1.0
4.393964491 0.81765625 0.0 0.0 0.0 0.0 0.0 1.0
4.404366611 0.8193515625 0.0 0.0 0.0 0.0 0.0 1.0
4.413881592 0.8208984375 0.0 0.0 0.0 0.0 0.0 1.0
4.424199286 0.82258203125 0.0 0.0 0.0 0.0 0.0 1.0
4.434615720 0.824278645833 0.0 0.0 0.0 0.0 0.0 1.0
4.443968014 0.825799479167 0.0 0.0 0.0 0.0 0.0 1.0
4.454326403 0.827485677083 0.0 0.0 0.0 0.0 0.0 1.0
4.464764140 0.829182291667 0.0 0.0 0.0 0.0 0.0 1.0
4.474166076 0.830709635417 0.0 0.0 0.0 0.0 0.0 1.0
4.484656291 0.83240625 0.0 0.0 0.0 0.0 0.0 1.0
4.494049772 0.833942708333 0.0 0.0 0.0 0.0 0.0 1.0
4.504407948 0.835631510417 0.0 0.0 0.0 0.0 0.0 1.0
4.513937612 0.837174479167 0.0 0.0 0.0 0.0 0.0 1.0
4.524335807 0.838869791667 0.0 0.0 0.0 0.0 0.0 1.0
4.534772294 0.84056640625 0.0 0.0 0.0 0.0 0.0 1.0
4.544221615 0.842104166667 0.0 0.0 0.0 0.0 0.0 1.0
4.554680080 0.843803385417 0.0 0.0 0.0 0.0 0.0 1.0
4.564053816 0.845330729167 0.0 0.0 0.0 0.0 0.0 1.0
4.574437218 0.847020833333 0.0 0.0 0.0 0.0 0.0 1.0
4.583765994 0.84853515625 0.0 0.0 0.0 0.0 0.0 1.0
4.594228051 0.850231770833 0.0 0.0 0.0 0.0 0.0 1.0
4.604688807 0.851936197917 0.0 0.0 0.0 0.0 0.0 1.0
4.614181703 0.85348828125 0.0 0.0 0.0 0.0 0.0 1.0
4.624529859 0.855173177083 0.0 0.0 0.0 0.0 0.0 1.0
4.633874210 0.856697916667 0.0 0.0 0.0 0.0 0.0 1.0
4.644322302 0.858389322917 0.0 0.0 0.0 0.0 0.0 1.0
4.654680969 0.860078125 0.0 0.0 0.0 0.0 0.0 1.0
4.664129723 0.861611979167 0.0 0.0 0.0 0.0 0.0 1.0
4.674508840 0.863299479167 0.0 0.0 0.0 0.0 0.0 1.0
4.683846315 0.864821614583 0.0 0.0 0.0 0.0 0.0 1.0
4.694293780 0.866520833333 0.0 0.0 0.0 0.0 0.0 1.0
4.704738751 0.868216145833 0.0 0.0 0.0 0.0 0.0 1.0
4.714323924 0.86976953125 0.0 0.0 0.0 0.0 0.0 1.0
4.724641356 0.8714609375 0.0 0.0 0.0 0.0 0.0 1.0
4.733983781 0.872977864583 0.0 0.0 0.0 0.0 0.0 1.0
4.744327059 0.874665364583 0.0 0.0 0.0 0.0 0.0 1.0
4.754820007 0.876359375 0.0 0.0 0.0 0.0 0.0 1.0
4.764149216 0.877884114583 0.0 0.0 0.0 0.0 0.0 1.0
4.774590087 0.87958203125 0.0 0.0 0.0 0.0 0.0 1.0
4.783944880 0.881104166667 0.0 0.0 0.0 0.0 0.0 1.0
4.794367873 0.882795572917 0.0 0.0 0.0 0.0 0.0 1.0
4.804761971 0.8844921875 0.0 0.0 0.0 0.0 0.0 1.0
4.814157277 0.886024739583 0.0 0.0 0.0 0.0 0.0 1.0
4.824573958 0.887709635417 0.0 0.0 0.0 0.0 0.0 1.0
4.833903150 0.8892421875 0.0 0.0 0.0 0.0 0.0 1.0
4.844342646 0.890932291667 0.0 0.0 0.0 0.0 0.0 1.0
4.854744339 0.892627604167 0.0 0.0 0.0 0.0 0.0 1.0
4.864213118 0.89415625 0.0 0.0 0.0 0.0 0.0 1.0
4.874631725 0.89585546875 0.0 0.0 0.0 0.0 0.0 1.0
4.884074121 0.897390625 0.0 0.0 0.0 0.0 0.0 1.0
4.894444312 0.899080729167 0.0 0.0 0.0 0.0 0.0 1.0
4.903683971 0.900588541667 0.0 0.0 0.0 0.0 0.0 1.0
4.914212147 0.902295572917 0.0 0.0 0.0 0.0 0.0 1.0
4.924609807 0.903989583333 0.0 0.0 0.0 0.0 0.0 1.0
4.933958744 0.905510416667 0.0 0.0 0.0 0.0 0.0 1.0
4.944370645 0.90719921875 0.0 0.0 0.0 0.0 0.0 1.0
4.954733293 0.908888020833 0.0 0.0 0.0 0.0 0.0 1.0
4.964092585 0.910419270833 0.0 0.0 0.0 0.0 0.0 1.0
4.974626959 0.912106770833 0.0 0.0 0.0 0.0 0.0 1.0
4.983895509 0.913635416667 0.0 0.0 0.0 0.0 0.0 1.0
4.994337713 0.91533203125 0.0 0.0 0.0 0.0 0.0 1.0
5.004747384 0.917020833333 0.0 0.0 0.0 0.0 0.0 1.0
5.014286678 0.918580729167 0.0 0.0 0.0 0.0 0.0 1.0
5.024666891 0.920265625 0.0 0.0 0.0 0.0 0.0 1.0
5.034029531 0.921787760417 0.0 0.0 0.0 0.0 0.0 1.0
5.044398793 0.923475260417 0.0 0.0 0.0 0.0 0.0 1.0
5.054811918 0.9251640625 0.0 0.0 0.0 0.0 0.0 1.0
5.064235438 0.926697916667 0.0 0.0 0.0 0.0 0.0 1.0
5.074770213 0.928390625 0.0 0.0 0.0 0.0 0.0 1.0
5.084121922 0.929938802083 0.0 0.0 0.0 0.0 0.0 1.0
5.094486001 0.931623697917 0.0 0.0 0.0 0.0 0.0 1.0
5.103872297 0.9331484375 0.0 0.0 0.0 0.0 0.0 1.0
5.114370265 0.934860677083 0.0 0.0 0.0 0.0 0.0 1.0
5.124719767 0.93654296875 0.0 0.0 0.0 0.0 0.0 1.0
5.134119208 0.938072916667 0.0 0.0 0.0 0.0 0.0 1.0
5.144644258 0.939778645833 0.0 0.0 0.0 0.0 0.0 1.0
5.154040089 0.94130859375 0.0 0.0 0.0 0.0 0.0 1.0
5.164533434 0.943006510417 0.0 0.0 0.0 0.0 0.0 1.0
5.173884308 0.94454296875 0.0 0.0 0.0 0.0 0.0 1.0
5.184213664 0.946229166667 0.0 0.0 0.0 0.0 0.0 1.0
5.194693877 0.94792578125 0.0 0.0 0.0 0.0 0.0 1.0
5.204108569 0.949455729167 0.0 0.0 0.0 0.0 0.0 1.0
5.214727606 0.951182291667 0.0 0.0 0.0 0.0 0.0 1.0
5.224088085 0.952709635417 0.0 0.0 0.0 0.0 0.0 1.0
5.234521054 0.954397135417 0.0 0.0 0.0 0.0 0.0 1.0
5.243976498 0.955938802083 0.0 0.0 0.0 0.0 0.0 1.0
5.254409540 0.957634114583 0.0 0.0 0.0 0.0 0.0 1.0
5.264801830 0.959334635417 0.0 0.0 0.0 0.0 0.0 1.0
5.274267486 0.960861979167 0.0 0.0 0.0 0.0 0.0 1.0
5.284641957 0.96255859375 0.0 0.0 0.0 0.0 0.0 1.0
5.294057069 0.964091145833 0.0 0.0 0.0 0.0 0.0 1.0
5.304464897 0.96578125 0.0 0.0 0.0 0.0 0.0 1.0
5.314050189 0.967341145833 0.0 0.0 0.0 0.0 0.0 1.0
5.324338833 0.969026041667 0.0 0.0 0.0 0.0 0.0 1.0
5.334737908 0.970705729167 0.0 0.0 0.0 0.0 0.0 1.0
5.344094629 0.972233072917 0.0 0.0 0.0 0.0 0.0 1.0
5.354530916 0.97392578125 0.0 0.0 0.0 0.0 0.0 1.0
5.363904547 0.975459635417 0.0 0.0 0.0 0.0 0.0 1.0
5.374276031 0.97714453125 0.0 0.0 0.0 0.0 0.0 1.0
5.384749776 0.978841145833 0.0 0.0 0.0 0.0 0.0 1.0
5.394104237 0.98037109375 0.0 0.0 0.0 0.0 0.0 1.0
5.404473541 0.9820546875 0.0 0.0 0.0 0.0 0.0 1.0
5.414048542 0.9836171875 0.0 0.0 0.0 0.0 0.0 1.0
5.424513594 0.985305989583 0.0 0.0 0.0 0.0 0.0 1.0
5.433955687 0.98684765625 0.0 0.0 0.0 0.0 0.0 1.0
5.444374272 0.988537760417 0.0 0.0 0.0 0.0 0.0 1.0
5.454685138 0.99022265625 0.0 0.0 0.0 0.0 0.0 1.0
5.463993167 0.991743489583 0.0 0.0 0.0 0.0 0.0 1.0
5.474414184 0.9934296875 0.0 0.0 0.0 0.0 0.0 1.0
5.483733503 0.9949453125 0.0 0.0 0.0 0.0 0.0 1.0
5.494146542 0.99663671875 0.0 0.0 0.0 0.0 0.0 1.0
5.504516151 0.99832421875 0.0 0.0 0.0 0.0 0.0 1.0
5.514106080 0.999877604167 0.0 0.0 0.0 0.0 0.0 1.0
5.524415658 1.00156380208 0.0 0.0 0.0 0.0 0.0 1.0
5.534749306 1.00324609375 0.0 0.0 0.0 0.0 0.0 1.0
5.544179490 1.00477994792 0.0 0.0 0.0 0.0 0.0 1.0
5.554550233 1.00647005208 0.0 0.0 0.0 0.0 0.0 1.0
5.564055132 1.00800911458 0.0 0.0 0.0 0.0 0.0 1.0
5.574495758 1.00970182292 0.0 0.0 0.0 0.0 0.0 1.0
5.583879861 1.01124088542 0.0 0.0 0.0 0.0 0.0 1.0
5.594258497 1.0129375 0.0 0.0 0.0 0.0 0.0 1.0
5.604608810 1.0146171875 0.0 0.0 0.0 0.0 0.0 1.0
5.614112437 1.01616145833 0.0 0.0 0.0 0.0 0.0 1.0
5.624485965 1.01784635417 0.0 0.0 0.0 0.0 0.0 1.0
5.633848911 1.01937109375 0.0 0.0 0.0 0.0 0.0 1.0
5.644301019 1.02106901042 0.0 0.0 0.0 0.0 0.0 1.0
5.654665110 1.02275651042 0.0 0.0 0.0 0.0 0.0 1.0
5.663988809 1.02428125 0.0 0.0 0.0 0.0 0.0 1.0
5.674338987 1.0259609375 0.0 0.0 0.0 0.0 0.0 1.0
5.684753454 1.02765104167 0.0 0.0 0.0 0.0 0.0 1.0
5.694113215 1.02917317708 0.0 0.0 0.0 0.0 0.0 1.0
5.704492370 1.0308671875 0.0 0.0 0.0 0.0 0.0 1.0
5.713930254 1.03240104167 0.0 0.0 0.0 0.0 0.0 1.0
5.724252163 1.03408072917 0.0 0.0 0.0 0.0 0.0 1.0
5.734778529 1.03579296875 0.0 0.0 0.0 0.0 0.0 1.0
5.744204836 1.03732552083 0.0 0.0 0.0 0.0 0.0 1.0
5.754654903 1.03901432292 0.0 0.0 0.0 0.0 0.0 1.0
5.763933850 1.04053385417 0.0 0.0 0.0 0.0 0.0 1.0
5.774293667 1.04221614583 0.0 0.0 0.0 0.0 0.0 1.0
5.784685296 1.04390885417 0.0 0.0 0.0 0.0 0.0 1.0
5.794091353 1.04543619792 0.0 0.0 0.0 0.0 0.0 1.0
5.804385479 1.04711328125 0.0 0.0 0.0 0.0 0.0 1.0
5.813887406 1.04865364583 0.0 0.0 0.0 0.0 0.0 1.0
5.824184901 1.05033854167 0.0 0.0 0.0 0.0 0.0 1.0
5.834577988 1.05202734375 0.0 0.0 0.0 0.0 0.0 1.0
5.844038650 1.05355989583 0.0 0.0 0.0 0.0 0.0 1.0
5.854505228 1.05525 0.0 0.0 0.0 0.0 0.0 1.0
5.863836095 1.05679166667 0.0 0.0 0.0 0.0 0.0 1.0
5.874314798 1.05848046875 0.0 0.0 0.0 0.0 0.0 1.0
5.884618251 1.06016536458 0.0 0.0 0.0 0.0 0.0 1.0
5.894083568 1.06170182292 0.0 0.0 0.0 0.0 0.0 1.0
5.904522992 1.06339973958 0.0 0.0 0.0 0.0 0.0 1.0
5.914108786 1.06495833333 0.0 0.0 0.0 0.0 0.0 1.0
5.924485615 1.06664322917 0.0 0.0 0.0 0.0 0.0 1.0
5.934085202 1.06817708333 0.0 0.0 0.0 0.0 0.0 1.0
5.944273972 1.06986328125 0.0 0.0 0.0 0.0 0.0 1.0
5.954818161 1.07158333333 0.0 0.0 0.0 0.0 0.0 1.0
5.964203124 1.07311067708 0.0 0.0 0.0 0.0 0.0 1.0
5.974622819 1.07474739583 0.0 0.0 0.0 0.0 0.0 1.0
5.983979914 1.0761875 0.0 0.0 0.0 0.0 0.0 1.0
5.994517065 1.07772916667 0.0 0.0 0.0 0.0 0.0 1.0
6.003869730 1.0790859375 0.0 0.0 0.0 0.0 0.0 1.0
6.014499919 1.08055208333 0.0 0.0 0.0 0.0 0.0 1.0
6.023806488 1.08180078125 0.0 0.0 0.0 0.0 0.0 1.0
6.034130861 1.08314322917 0.0 0.0 0.0 0.0 0.0 1.0
6.044555666 1.08443619792 0.0 0.0 0.0 0.0 0.0 1.0
6.053914143 1.0855546875 0.0 0.0 0.0 0.0 0.0 1.0
6.064199826 1.08674088542 0.0 0.0 0.0 0.0 0.0 1.0
6.074619915 1.08788411458 0.0 0.0 0.0 0.0 0.0 1.0
6.084049821 1.08887369792 0.0 0.0 0.0 0.0 0.0 1.0
6.094492765 1.08991666667 0.0 0.0 0.0 0.0 0.0 1.0
6.103966842 1.09082682292 0.0 0.0 0.0 0.0 0.0 1.0
6.114582359 1.09179166667 0.0 0.0 0.0 0.0 0.0 1.0
6.124073985 1.09260416667 0.0 0.0 0.0 0.0 0.0 1.0
6.134505560 1.09345572917 0.0 0.0 0.0 0.0 0.0 1.0
6.143983588 1.09418359375 0.0 0.0 0.0 0.0 0.0 1.0
6.154284037 1.09493229167 0.0 0.0 0.0 0.0 0.0 1.0
6.164742516 1.09562890625 0.0 0.0 0.0 0.0 0.0 1.0
6.174157227 1.09621875 0.0 0.0 0.0 0.0 0.0 1.0
6.184668070 1.09681901042 0.0 0.0 0.0 0.0 0.0 1.0
6.194061507 1.09731640625 0.0 0.0 0.0 0.0 0.0 1.0
6.204524876 1.09781770833 0.0 0.0 0.0 0.0 0.0 1.0
6.214145009 1.098234375 0.0 0.0 0.0 0.0 0.0 1.0
6.224482448 1.0986328125 0.0 0.0 0.0 0.0 0.0 1.0
6.233939727 1.098953125 0.0 0.0 0.0 0.0 0.0 1.0
6.244353655 1.09925520833 0.0 0.0 0.0 0.0 0.0 1.0
6.254761886 1.09950651042 0.0 0.0 0.0 0.0 0.0 1.0
6.264116752 1.09968880208 0.0 0.0 0.0 0.0 0.0 1.0
6.274527001 1.09984244792 0.0 0.0 0.0 0.0 0.0 1.0
6.283962505 1.09993619792 0.0 0.0 0.0 0.0 0.0 1.0
6.294329727 1.09999088542 0.0 0.0 0.0 0.0 0.0 1.0
6.304797134 1.1 0.0 0.0 0.0 0.0 0.0 1.0
6.314291881 1.1 0.0 0.0 0.0 0.0 0.0 1.0
6.324722784 1.0999765625 0.0 0.0 0.0 0.0 0.0 1.0
6.334128123 1.09991145833 0.0 0.0 0.0 0.0 0.0 1.0
6.344552249 1.09978776042 0.0 0.0 0.0 0.0 0.0 1.0
6.353933610 1.09963151042 0.0 0.0 0.0 0.0 0.0 1.0
6.364377050 1.09940885417 0.0 0.0 0.0 0.0 0.0 1.0
6.374802337 1.09913151042 0.0 0.0 0.0 0.0 0.0 1.0
6.384284884 1.09883463542 0.0 0.0 0.0 0.0 0.0 1.0
6.394686249 1.09845833333 0.0 0.0 0.0 0.0 0.0 1.0
6.404057622 1.09807421875 0.0 0.0 0.0 0.0 0.0 1.0
6.414530104 1.09759375 0.0 0.0 0.0 0.0 0.0 1.0
6.423953215 1.09711979167 0.0 0.0 0.0 0.0 0.0 1.0
